-25.279878192015996, -57.5248646736145
-25.275594964605798, -57.513830065727234
-25.27985878928826, -57.529757022857666
-25.280052816426014, -57.53067970275879
-25.280421467132864, -57.533276081085205
-25.274702404410323, -57.51913011074066
-25.280673701181566, -57.53482103347778
-25.277627454901122, -57.52360939979553
-25.280227440584696, -57.53198862075806
-25.276026689735854, -57.519521713256836
-25.275172939679422, -57.51540720462799
-25.275561008631538, -57.52294421195984
-25.280033413726205, -57.5283408164978
-25.275561008631538, -57.52265453338623
-25.27999460831727, -57.53044366836548
-25.280382661848048, -57.5259268283844
-25.27522144836632, -57.515568137168884
-25.27522144836632, -57.515568137168884
-25.278034919025732, -57.52373814582825
-25.275949076342577, -57.520015239715576
-25.275919971307292, -57.52017617225647
-25.275041966127976, -57.51909792423248
